chromose	A	T	G	C	percent
chr1	67070277	67244164	48111528	48055043	18475410	41.72
chr10	38875926	39027555	27719976	27639505	534460	41.54
chr11	39286730	39361954	27981801	27903257	552880	41.54
chr11_KI270721v1_random	18375	19887	31012	31042	0	61.86
chr12	39370109	39492225	27182678	27092804	137493	40.77
chr13	30047611	30162717	18933605	18839192	16381203	38.55
chr14	26673415	26911943	18559033	18423758	16475569	40.83
chr14_GL000009v2_random	59480	61433	41195	39601	0	40.06
chr14_GL000225v1_random	56943	53599	51700	48931	0	47.65
chr14_KI270722v1_random	58529	57575	39525	38421	0	40.17
chr14_GL000194v1_random	52949	55693	41306	41521	0	43.26
chr14_KI270723v1_random	10937	9891	8722	8565	0	45.35
chr14_KI270724v1_random	10471	11328	8825	8931	0	44.89
chr14_KI270725v1_random	52750	54451	32823	32786	0	37.97
chr14_KI270726v1_random	12095	13092	9441	9111	0	42.42
chr15	24508669	24553812	17825903	17752941	17349864	42.03
chr15_KI270727v1_random	133905	139244	87317	87782	0	39.06
chr16	22558319	22774906	18299976	18172742	8532402	44.58
chr16_KI270728v1_random	464339	457531	325569	325320	300000	41.39
chr17	22639499	22705261	18851500	18723944	337237	45.32
chr17_GL000205v2_random	55907	52533	38932	38219	0	41.57
chr17_KI270729v1_random	87457	81556	59207	41262	11357	37.28
chr17_KI270730v1_random	40299	23883	33834	8566	5969	39.78
chr18	24050680	24182819	16061651	15794455	283680	39.78
chr19	15142293	15282753	14061132	13954580	176858	47.94
chr1_KI270706v1_random	50401	51038	35908	37708	0	42.05
chr1_KI270707v1_random	10439	7886	6926	6781	0	42.79
chr1_KI270708v1_random	36902	38409	26729	25642	0	41.02
chr1_KI270709v1_random	20132	21988	11581	13159	0	37.0
chr1_KI270710v1_random	12000	13853	7173	7150	0	35.65
chr1_KI270711v1_random	12286	11825	8865	9234	0	42.88
chr1_KI270712v1_random	47343	48636	40611	39453	0	45.48
chr1_KI270713v1_random	11014	10312	9910	9509	0	47.66
chr1_KI270714v1_random	9492	9426	11259	11540	0	54.65
chr2	71791213	71987932	48450903	48318180	1645301	40.23
chr20	17867246	18066406	14094472	13916133	499910	43.8
chr21	11820664	11856330	8226381	8185244	6621364	40.94
chr22	10382214	10370725	9246186	9160652	11658691	47.0
chr22_KI270731v1_random	38247	40568	37024	34915	0	47.72
chr22_KI270732v1_random	13898	12210	7893	7542	0	37.15
chr22_KI270733v1_random	43178	50985	41157	44452	0	47.62
chr22_KI270734v1_random	43464	40520	39445	41621	0	49.12
chr22_KI270735v1_random	13307	13915	6965	8624	0	36.41
chr22_KI270736v1_random	55224	39626	61843	12944	12283	44.09
chr22_KI270737v1_random	31718	33874	17124	20711	411	36.58
chr22_KI270738v1_random	35542	25516	19275	15487	3555	36.28
chr22_KI270739v1_random	23023	22388	13785	13227	1562	37.3
chr2_KI270715v1_random	47580	51781	34804	27306	0	38.47
chr2_KI270716v1_random	44854	50137	32239	26569	0	38.24
chr3	59689091	59833302	39344259	39233483	195424	39.67
chr3_GL000221v1_random	47915	47444	30152	29886	0	38.64
chr4	58561236	58623430	36331025	36236976	461888	38.24
chr4_GL000008v2_random	63433	62111	42468	41697	0	40.13
chr5	54699094	54955010	35879674	35731600	272881	39.51
chr5_GL000208v1_random	29179	28602	16539	18369	0	37.66
chr6	51345477	51373025	33713330	33646690	727457	39.61
chr7	47058248	47215040	32378859	32317984	375842	40.7
chr8	43333530	43300646	29103787	29030173	370500	40.16
chr9	35736329	35783748	25170662	25099811	16604167	41.28
chr9_KI270717v1_random	12108	11696	8398	7860	0	40.58
chr9_KI270718v1_random	11201	12181	7150	7522	0	38.56
chr9_KI270719v1_random	55462	54035	33614	33734	0	38.08
chr9_KI270720v1_random	12399	11916	7364	7371	0	37.73
chr1_KI270762v1_alt	66451	53691	87399	96903	50000	60.54
chr1_KI270766v1_alt	69972	68694	59013	58592	0	45.89
chr1_KI270760v1_alt	30217	26327	26719	26265	0	48.37
chr1_KI270765v1_alt	54853	56919	36445	37068	0	39.68
chr1_GL383518v1_alt	47591	48997	42679	43172	0	47.06
chr1_GL383519v1_alt	26980	26505	28512	28271	0	51.5
chr1_GL383520v2_alt	111408	123914	66027	65231	0	35.81
chr1_KI270764v1_alt	14639	13664	10548	11407	0	43.68
chr1_KI270763v1_alt	286970	271884	173293	179511	0	38.7
chr1_KI270759v1_alt	113140	121236	96329	94896	0	44.93
chr1_KI270761v1_alt	50474	52359	32055	30946	0	37.99
chr2_KI270770v1_alt	38839	35589	31020	30792	0	45.37
chr2_KI270773v1_alt	18608	20527	16024	15728	0	44.79
chr2_KI270774v1_alt	56732	62340	49265	55288	0	46.75
chr2_KI270769v1_alt	30764	32123	27832	29897	0	47.86
chr2_GL383521v1_alt	42848	44746	28523	27273	0	38.91
chr2_KI270772v1_alt	36786	41030	27062	28163	0	41.51
chr2_KI270775v1_alt	39797	46792	26149	25281	0	37.26
chr2_KI270771v1_alt	34386	35657	20044	20308	0	36.55
chr2_KI270768v1_alt	30511	34176	22904	22508	0	41.25
chr2_GL582966v2_alt	25474	29250	21977	19430	0	43.07
chr2_GL383522v1_alt	39054	36051	23737	24979	0	39.34
chr2_KI270776v1_alt	38116	40760	48434	46856	0	54.71
chr2_KI270767v1_alt	41071	43064	40326	37117	0	47.93
chr3_JH636055v2_alt	50102	47655	37450	37944	0	43.54
chr3_KI270783v1_alt	30835	36323	21623	20406	0	38.49
chr3_KI270780v1_alt	61399	60900	50350	51459	0	45.43
chr3_GL383526v1_alt	54699	58494	34232	33246	0	37.35
chr3_KI270777v1_alt	55163	51467	32283	34736	0	38.59
chr3_KI270778v1_alt	82317	79473	43911	42551	0	34.83
chr3_KI270781v1_alt	32671	29358	25696	25309	0	45.12
chr3_KI270779v1_alt	48837	51148	54462	50865	0	51.3
chr3_KI270782v1_alt	40670	42042	40069	39648	0	49.08
chr3_KI270784v1_alt	54412	50074	39694	40224	0	43.34
chr4_KI270790v1_alt	70596	68325	39823	41502	0	36.92
chr4_GL383528v1_alt	125998	121337	63534	65318	0	34.25
chr4_KI270787v1_alt	37932	30745	21601	21665	0	38.65
chr4_GL000257v2_alt	183946	189214	106498	106818	0	36.37
chr4_KI270788v1_alt	50336	51321	29191	28117	0	36.05
chr4_GL383527v1_alt	51471	51910	30551	30604	0	37.17
chr4_KI270785v1_alt	35656	36211	25008	23037	0	40.07
chr4_KI270789v1_alt	60310	62795	43527	39312	0	40.22
chr4_KI270786v1_alt	74808	66960	48730	53598	0	41.92
chr5_KI270793v1_alt	28100	28657	34173	35206	0	55.0
chr5_KI270792v1_alt	38725	35622	52411	52285	0	58.48
chr5_KI270791v1_alt	42584	46217	54084	52825	0	54.63
chr5_GL383532v1_alt	27012	27286	14041	14389	0	34.37
chr5_GL949742v1_alt	72123	75741	39239	39749	0	34.82
chr5_KI270794v1_alt	51033	46306	33492	33727	0	40.85
chr5_GL339449v2_alt	453907	459549	300573	298899	100000	39.62
chr5_GL383530v1_alt	30111	33404	19332	18394	0	37.26
chr5_KI270796v1_alt	51859	56012	32894	31943	0	37.54
chr5_GL383531v1_alt	56248	53708	32054	31449	0	36.61
chr5_KI270795v1_alt	32633	38244	31963	29052	0	46.26
chr6_GL000250v2_alt	674943	654123	521351	520414	2301543	43.94
chr6_KI270800v1_alt	58101	57370	30045	30292	0	34.32
chr6_KI270799v1_alt	49862	48570	26880	26836	0	35.31
chr6_GL383533v1_alt	38779	37900	24004	24053	0	38.53
chr6_KI270801v1_alt	291043	269462	150152	159823	0	35.61
chr6_KI270802v1_alt	20388	20371	17146	17100	0	45.66
chr6_KB021644v2_alt	46378	49672	50697	39076	0	48.31
chr6_KI270797v1_alt	48557	56262	46848	45869	0	46.94
chr6_KI270798v1_alt	73462	70287	64346	63687	0	47.11
chr7_KI270804v1_alt	37989	36099	41203	42661	0	53.09
chr7_KI270809v1_alt	61587	60489	43688	43822	0	41.75
chr7_KI270806v1_alt	44706	51648	31992	29820	0	39.08
chr7_GL383534v2_alt	34900	35042	24549	24692	0	41.32
chr7_KI270803v1_alt	322411	320253	233529	235377	0	42.18
chr7_KI270808v1_alt	78427	74921	59348	58759	0	43.51
chr7_KI270807v1_alt	28803	29042	33015	35574	0	54.25
chr7_KI270805v1_alt	46206	54677	59246	49859	0	51.96
chr8_KI270818v1_alt	34541	42068	34994	34003	0	47.39
chr8_KI270812v1_alt	65541	79723	70887	66585	0	48.62
chr8_KI270811v1_alt	73255	75352	74470	69359	0	49.18
chr8_KI270821v1_alt	269630	280924	222271	212681	0	44.13
chr8_KI270813v1_alt	83059	84960	64969	67242	0	44.04
chr8_KI270822v1_alt	189002	210436	114314	110740	0	36.04
chr8_KI270814v1_alt	39555	40673	33124	28460	0	43.43
chr8_KI270810v1_alt	116776	114620	71604	71415	0	38.2
chr8_KI270819v1_alt	26632	27819	41625	37459	0	59.22
chr8_KI270820v1_alt	7733	8590	10873	9444	0	55.45
chr8_KI270817v1_alt	39345	36755	40729	42154	0	52.13
chr8_KI270816v1_alt	65273	66082	86403	88083	0	57.05
chr8_KI270815v1_alt	34910	32197	31511	33626	0	49.26
chr9_GL383539v1_alt	47605	50763	33137	31483	0	39.65
chr9_GL383540v1_alt	18481	20395	16486	16189	0	45.67
chr9_GL383541v1_alt	48753	52413	35435	34685	0	40.94
chr9_GL383542v1_alt	18059	16335	13055	12583	0	42.71
chr9_KI270823v1_alt	136313	134510	85537	82722	0	38.32
chr10_GL383545v1_alt	53840	54257	35470	35687	0	39.7
chr10_KI270824v1_alt	52334	56764	35803	36595	0	39.89
chr10_GL383546v1_alt	94616	83026	65451	66709	0	42.66
chr10_KI270825v1_alt	50681	43549	46001	48084	0	49.96
chr11_KI270832v1_alt	44477	44293	62016	59347	0	57.76
chr11_KI270830v1_alt	40785	40873	47043	48391	0	53.89
chr11_KI270831v1_alt	71088	65484	78683	81609	31	54.0
chr11_KI270829v1_alt	65706	58915	40035	39403	0	38.93
chr11_GL383547v1_alt	49006	52688	26439	26274	0	34.14
chr11_JH159136v1_alt	66425	63724	35257	35592	0	35.25
chr11_JH159137v1_alt	61175	58908	35269	36057	0	37.26
chr11_KI270827v1_alt	15557	18279	17303	16568	0	50.03
chr11_KI270826v1_alt	50660	52459	42242	40808	0	44.61
chr12_GL877875v1_alt	41786	40675	42616	42236	0	50.71
chr12_GL877876v1_alt	133295	126719	72041	76216	0	36.31
chr12_KI270837v1_alt	12812	11178	8000	8100	0	40.16
chr12_GL383549v1_alt	38221	35932	23070	23581	0	38.62
chr12_KI270835v1_alt	72586	66402	48257	50894	0	41.64
chr12_GL383550v2_alt	52884	49369	32353	34572	0	39.56
chr12_GL383552v1_alt	42439	45582	25705	24929	0	36.52
chr12_GL383553v2_alt	43524	49155	30535	29660	0	39.38
chr12_KI270834v1_alt	28754	33866	28749	28129	0	47.6
chr12_GL383551v1_alt	51956	57672	38181	36510	0	40.52
chr12_KI270833v1_alt	19670	23477	16732	16182	0	43.27
chr12_KI270836v1_alt	12905	14043	14867	14319	0	51.99
chr13_KI270840v1_alt	56850	54268	36446	44120	0	42.03
chr13_KI270839v1_alt	56189	50870	35186	38061	0	40.62
chr13_KI270843v1_alt	34786	33357	17866	17823	0	34.37
chr13_KI270841v1_alt	54539	55812	29359	29424	0	34.76
chr13_KI270838v1_alt	83657	80889	70877	71490	0	46.39
chr13_KI270842v1_alt	7464	9021	10660	10142	0	55.79
chr14_KI270844v1_alt	101827	94379	62316	63644	0	39.1
chr14_KI270847v1_alt	410166	416501	345140	339304	0	45.29
chr14_KI270845v1_alt	46090	40359	46040	48214	0	52.16
chr14_KI270846v1_alt	357968	377514	308311	307600	0	45.58
chr15_KI270852v1_alt	144563	148616	92315	93505	0	38.79
chr15_KI270851v1_alt	70403	75961	58748	57942	0	44.36
chr15_KI270848v1_alt	90927	88540	74182	73733	0	45.18
chr15_GL383554v1_alt	83506	84552	64110	64359	0	43.32
chr15_KI270849v1_alt	71452	70364	51010	52091	0	42.1
chr15_GL383555v2_alt	103413	95245	93933	96182	0	48.9
chr15_KI270850v1_alt	117456	116248	98327	98849	0	45.76
chr16_KI270854v1_alt	28496	32570	36753	36374	0	54.49
chr16_KI270856v1_alt	15344	13930	17112	17596	0	54.25
chr16_KI270855v1_alt	53267	54061	63120	62409	0	53.91
chr16_KI270853v1_alt	702416	735216	614395	607673	0	45.95
chr16_GL383556v1_alt	55963	51015	41917	43567	0	44.42
chr16_GL383557v1_alt	27165	23194	19392	19921	0	43.84
chr17_GL383563v3_alt	93913	86399	93736	101643	0	52.01
chr17_KI270862v1_alt	98744	89228	99040	104345	0	51.97
chr17_KI270861v1_alt	46450	43599	53324	53315	0	54.22
chr17_KI270857v1_alt	771786	774751	669003	661534	0	46.25
chr17_JH159146v1_alt	80358	85720	57634	54419	0	40.29
chr17_JH159147v1_alt	19137	22528	14402	14278	0	40.77
chr17_GL383564v2_alt	35115	37408	30271	30357	0	45.53
chr17_GL000258v2_alt	481894	488550	404395	397153	50000	45.23
chr17_GL383565v1_alt	71208	69626	41639	41522	0	37.13
chr17_KI270858v1_alt	77441	70341	42835	45210	0	37.33
chr17_KI270859v1_alt	32533	27471	23940	24819	0	44.83
chr17_GL383566v1_alt	20626	22568	23751	23274	0	52.12
chr17_KI270860v1_alt	38451	43715	47902	48853	0	54.08
chr18_KI270864v1_alt	34436	38798	18854	19649	0	34.46
chr18_GL383567v1_alt	80314	88643	60610	60264	0	41.7
chr18_GL383570v1_alt	51887	48467	32227	32208	0	39.1
chr18_GL383571v1_alt	47730	46796	27283	26469	50000	36.25
chr18_GL383568v1_alt	33346	31716	19564	19926	0	37.77
chr18_GL383569v1_alt	46660	40970	39573	40747	0	47.82
chr18_GL383572v1_alt	41537	42707	36706	38597	0	47.2
chr18_KI270863v1_alt	41183	41094	43356	42366	0	51.03
chr19_KI270868v1_alt	13018	11648	18914	18154	0	60.04
chr19_KI270865v1_alt	10613	9092	16015	17249	0	62.8
chr19_GL383573v1_alt	115050	114439	74230	81938	0	40.49
chr19_GL383575v2_alt	51914	49702	34306	34300	0	40.3
chr19_GL383576v1_alt	55495	58268	37466	36795	0	39.5
chr19_GL383574v1_alt	41900	45650	34754	33560	0	43.83
chr19_KI270866v1_alt	10061	10740	12179	10176	0	51.8
chr19_KI270867v1_alt	63542	67307	52151	50762	0	44.02
chr19_GL949746v1_alt	223270	223969	219121	216356	105000	49.33
chr20_GL383577v2_alt	35488	31428	30604	30866	0	47.88
chr20_KI270869v1_alt	29124	25187	31506	32957	0	54.27
chr20_KI270871v1_alt	12795	9758	17337	18771	0	61.55
chr20_KI270870v1_alt	39302	46331	49715	48085	0	53.32
chr21_GL383578v2_alt	19391	21412	11665	11449	0	36.16
chr21_KI270874v1_alt	59226	44300	30611	32606	0	37.91
chr21_KI270873v1_alt	41728	43009	29699	29464	0	41.11
chr21_GL383579v2_alt	63980	67044	35866	34307	0	34.88
chr21_GL383580v2_alt	20756	22803	15515	15579	0	41.65
chr21_GL383581v2_alt	34318	30415	26369	25587	0	44.53
chr21_KI270872v1_alt	20856	17021	22128	22687	0	54.2
chr22_KI270875v1_alt	72864	71843	57594	57613	0	44.33
chr22_KI270878v1_alt	46732	46449	45656	47425	0	49.97
chr22_KI270879v1_alt	73040	75133	78601	77361	0	51.28
chr22_KI270876v1_alt	83495	73099	52725	54347	0	40.61
chr22_KI270877v1_alt	24466	26122	25812	24931	0	50.08
chr22_GL383583v2_alt	25212	27024	22089	22599	0	46.11
chr22_GL383582v2_alt	44325	42199	37701	38586	0	46.86
chrX_KI270880v1_alt	68597	71948	72815	71509	0	50.66
chrX_KI270881v1_alt	45993	44108	26778	27327	0	37.52
chr19_KI270882v1_alt	64865	68069	56033	59840	0	46.57
chr19_KI270883v1_alt	44555	47001	37994	40849	0	46.27
chr19_KI270884v1_alt	41225	43320	34950	37558	0	46.17
chr19_KI270885v1_alt	44751	47148	38106	41022	0	46.27
chr19_KI270886v1_alt	52977	55961	45875	49426	0	46.66
chr19_KI270887v1_alt	55220	57267	46960	50065	0	46.31
chr19_KI270888v1_alt	40840	43041	34734	36917	0	46.07
chr19_KI270889v1_alt	44652	47103	38019	40924	0	46.25
chr19_KI270890v1_alt	48296	50644	41313	44246	0	46.37
chr19_KI270891v1_alt	44646	47082	38021	40931	0	46.26
chr1_KI270892v1_alt	49261	51496	30951	30504	0	37.89
chr2_KI270894v1_alt	64575	59136	45094	45353	0	42.23
chr2_KI270893v1_alt	40941	43089	40219	36969	0	47.88
chr3_KI270895v1_alt	41174	39346	39376	43000	0	50.57
chr4_KI270896v1_alt	114361	105999	75686	82501	0	41.79
chr5_KI270897v1_alt	328249	336150	216985	213034	50000	39.29
chr5_KI270898v1_alt	32259	37562	32101	29035	0	46.68
chr6_GL000251v2_alt	1341205	1311552	1072732	1069776	0	44.68
chr7_KI270899v1_alt	48169	45102	48291	49307	0	51.13
chr8_KI270901v1_alt	33780	39924	32793	30462	0	46.19
chr8_KI270900v1_alt	81032	84259	76736	76660	0	48.13
chr11_KI270902v1_alt	21043	26041	33244	26383	0	55.88
chr11_KI270903v1_alt	52291	50082	55739	56513	0	52.3
chr12_KI270904v1_alt	186645	173131	104534	108039	0	37.14
chr15_KI270906v1_alt	52725	56689	44254	42716	0	44.29
chr15_KI270905v1_alt	1361745	1342378	1024715	1028569	404007	43.16
chr17_KI270907v1_alt	30613	34222	38545	34341	0	52.92
chr17_KI270910v1_alt	36860	34270	41898	44071	0	54.72
chr17_KI270909v1_alt	88450	87462	75495	74393	0	46.01
chr17_JH159148v1_alt	24136	28231	18136	17567	0	40.54
chr17_KI270908v1_alt	383935	379967	328096	331192	0	46.32
chr18_KI270912v1_alt	47801	40855	41097	44308	0	49.07
chr18_KI270911v1_alt	41045	42237	36403	38025	0	47.19
chr19_GL949747v2_alt	167610	167690	166001	162219	66000	49.47
chr22_KB663609v1_alt	17171	19428	18699	18715	0	50.55
chrX_KI270913v1_alt	66322	69359	69183	69145	0	50.48
chr19_KI270914v1_alt	53176	56206	45951	49861	0	46.69
chr19_KI270915v1_alt	44648	47091	38013	40913	0	46.25
chr19_KI270916v1_alt	48330	50616	41375	44195	0	46.38
chr19_KI270917v1_alt	51603	50340	46844	42145	0	46.61
chr19_KI270918v1_alt	34458	31971	29315	27367	0	46.04
chr19_KI270919v1_alt	44660	47092	38017	40932	0	46.25
chr19_KI270920v1_alt	54380	52122	47882	43621	0	46.21
chr19_KI270921v1_alt	76579	73964	68518	63163	0	46.66
chr19_KI270922v1_alt	50430	49567	46295	41643	0	46.79
chr19_KI270923v1_alt	51988	50130	45759	41475	0	46.07
chr3_KI270924v1_alt	41983	39889	40514	44154	0	50.84
chr4_KI270925v1_alt	166275	156826	112215	120483	0	41.87
chr6_GL000252v2_alt	1170919	1141501	943989	942308	406094	44.93
chr8_KI270926v1_alt	62018	60549	53190	53525	0	46.54
chr11_KI270927v1_alt	46180	49858	65220	57354	0	56.07
chr19_GL949748v2_alt	113228	113316	117041	113719	607000	50.46
chr22_KI270928v1_alt	47135	45287	41232	42449	0	47.52
chr19_KI270929v1_alt	50034	49157	45695	41317	0	46.73
chr19_KI270930v1_alt	52405	54842	44807	48719	0	46.58
chr19_KI270931v1_alt	44557	46972	38026	40593	0	46.21
chr19_KI270932v1_alt	56283	58958	48354	52137	0	46.58
chr19_KI270933v1_alt	44612	47047	38012	40866	0	46.25
chr19_GL000209v2_alt	46045	48836	39757	42743	0	46.51
chr3_KI270934v1_alt	41315	39441	39532	43170	0	50.6
chr6_GL000253v2_alt	1154428	1132747	906162	901784	582522	44.15
chr19_GL949749v2_alt	108144	107496	111211	108990	656000	50.52
chr3_KI270935v1_alt	46778	49725	52013	48835	0	51.1
chr6_GL000254v2_alt	1049352	1022777	859858	857339	1038487	45.32
chr19_GL949750v2_alt	103094	103665	106488	105143	648000	50.58
chr3_KI270936v1_alt	41505	39547	39737	43381	0	50.63
chr6_GL000255v2_alt	1188052	1167256	968620	965801	316659	45.09
chr19_GL949751v2_alt	115994	115835	118807	116047	536000	50.32
chr3_KI270937v1_alt	41916	39863	39956	43872	0	50.62
chr6_GL000256v2_alt	1172551	1156530	926941	918231	755016	44.2
chr19_GL949752v1_alt	249900	250937	242909	238354	5000	49.0
chr6_KI270758v1_alt	22642	22617	15335	16158	0	41.03
chr19_GL949753v2_alt	170887	170546	168540	166506	120000	49.53
chr19_KI270938v1_alt	271752	272491	263616	258941	0	48.98
chrM	5124	4094	2169	5181	1	44.36
chrUn_KI270302v1	644	684	504	442	0	41.6
chrUn_KI270304v1	706	610	392	457	0	39.21
chrUn_KI270303v1	623	553	352	414	0	39.44
chrUn_KI270305v1	417	444	325	286	0	41.51
chrUn_KI270322v1	1852	1748	1203	1405	15268	42.01
chrUn_KI270320v1	1265	1311	988	852	0	41.67
chrUn_KI270310v1	398	330	219	254	0	39.38
chrUn_KI270316v1	419	470	303	252	0	38.43
chrUn_KI270315v1	665	740	469	402	0	38.27
chrUn_KI270312v1	336	291	171	200	0	37.17
chrUn_KI270311v1	854	966	620	526	9433	38.64
chrUn_KI270317v1	1192	1044	637	751	34066	38.3
chrUn_KI270412v1	407	319	211	242	0	38.42
chrUn_KI270411v1	902	747	461	536	0	37.68
chrUn_KI270414v1	691	858	496	444	0	37.77
chrUn_KI270419v1	306	321	207	195	0	39.07
chrUn_KI270418v1	655	635	420	435	0	39.86
chrUn_KI270420v1	705	675	441	500	0	40.54
chrUn_KI270424v1	682	671	407	380	0	36.78
chrUn_KI270417v1	655	644	412	332	0	36.42
chrUn_KI270422v1	446	419	279	301	0	40.14
chrUn_KI270423v1	281	311	198	191	0	39.65
chrUn_KI270425v1	572	581	402	329	0	38.8
chrUn_KI270429v1	384	475	273	229	0	36.88
chrUn_KI270442v1	120267	100727	87138	62897	21032	40.44
chrUn_KI270466v1	384	572	175	102	0	22.47
chrUn_KI270465v1	575	534	293	372	0	37.49
chrUn_KI270467v1	1224	1745	608	343	0	24.26
chrUn_KI270435v1	28784	29873	18385	15860	81	36.86
chrUn_KI270438v1	30984	20260	24291	8476	28494	39.0
chrUn_KI270468v1	1257	1317	807	674	0	36.52
chrUn_KI270510v1	748	798	480	389	0	35.98
chrUn_KI270509v1	773	713	361	471	0	35.89
chrUn_KI270518v1	670	725	441	350	0	36.18
chrUn_KI270508v1	355	783	414	399	0	41.67
chrUn_KI270516v1	409	419	256	216	0	36.31
chrUn_KI270512v1	6747	7175	4414	4353	0	38.64
chrUn_KI270519v1	43641	43275	26887	23865	458	36.87
chrUn_KI270522v1	1876	1706	933	1159	0	36.87
chrUn_KI270511v1	2704	2468	1354	1601	0	36.36
chrUn_KI270515v1	1954	2148	1236	1023	0	35.51
chrUn_KI270507v1	1617	1771	1084	881	0	36.71
chrUn_KI270517v1	1092	995	513	653	0	35.84
chrUn_KI270529v1	601	560	318	420	0	38.86
chrUn_KI270528v1	703	1223	415	642	0	35.43
chrUn_KI270530v1	623	705	447	393	0	38.75
chrUn_KI270539v1	110	93	401	389	0	79.56
chrUn_KI270538v1	20434	18832	12054	12307	27682	38.29
chrUn_KI270544v1	384	346	201	271	0	39.27
chrUn_KI270548v1	474	494	342	289	0	39.46
chrUn_KI270583v1	564	334	258	244	0	35.86
chrUn_KI270587v1	989	890	495	595	0	36.71
chrUn_KI270580v1	331	632	326	264	0	37.99
chrUn_KI270581v1	2717	1512	1362	1455	0	39.98
chrUn_KI270579v1	10090	9694	5154	6095	0	36.25
chrUn_KI270589v1	11133	10973	5750	7540	9078	37.55
chrUn_KI270590v1	1568	1401	766	950	0	36.63
chrUn_KI270584v1	1455	1426	751	881	0	36.16
chrUn_KI270582v1	1439	2499	1279	1287	0	39.45
chrUn_KI270588v1	2006	1933	1079	1140	0	36.03
chrUn_KI270593v1	911	1011	623	496	0	36.8
chrUn_KI270591v1	1832	1769	832	1363	0	37.87
chrUn_KI270330v1	367	494	283	508	0	47.88
chrUn_KI270329v1	351	299	174	216	0	37.5
chrUn_KI270334v1	385	435	300	248	0	40.06
chrUn_KI270333v1	1218	831	269	381	0	24.08
chrUn_KI270335v1	299	323	242	184	0	40.65
chrUn_KI270338v1	400	447	316	265	0	40.69
chrUn_KI270340v1	412	440	326	250	0	40.34
chrUn_KI270336v1	464	310	101	151	0	24.56
chrUn_KI270337v1	496	339	111	175	0	25.51
chrUn_KI270363v1	335	776	378	314	0	38.38
chrUn_KI270364v1	993	828	467	567	0	36.22
chrUn_KI270362v1	1179	1075	583	693	0	36.15
chrUn_KI270366v1	2703	2610	1380	1627	0	36.14
chrUn_KI270378v1	315	326	215	192	0	38.84
chrUn_KI270379v1	442	207	171	225	0	37.89
chrUn_KI270389v1	400	415	268	215	0	37.21
chrUn_KI270390v1	739	765	477	406	0	36.99
chrUn_KI270387v1	483	495	306	253	0	36.37
chrUn_KI270395v1	378	342	194	229	0	37.01
chrUn_KI270396v1	606	571	310	393	0	37.39
chrUn_KI270388v1	364	402	253	197	0	37.01
chrUn_KI270394v1	296	315	196	163	0	37.01
chrUn_KI270386v1	589	534	298	367	0	37.19
chrUn_KI270391v1	470	462	260	292	0	37.2
chrUn_KI270383v1	567	522	297	364	0	37.77
chrUn_KI270393v1	430	383	229	266	0	37.84
chrUn_KI270384v1	543	500	277	338	0	37.09
chrUn_KI270392v1	281	333	200	157	0	36.77
chrUn_KI270381v1	617	583	337	393	0	37.82
chrUn_KI270385v1	306	318	197	169	0	36.97
chrUn_KI270382v1	1288	1365	845	717	0	37.06
chrUn_KI270376v1	374	346	182	234	0	36.62
chrUn_KI270374v1	783	898	544	431	0	36.71
chrUn_KI270372v1	575	487	266	322	0	35.64
chrUn_KI270373v1	378	509	307	257	0	38.87
chrUn_KI270375v1	810	711	393	464	0	36.04
chrUn_KI270371v1	829	935	560	481	0	37.11
chrUn_KI270448v1	2524	2493	1638	1337	0	37.22
chrUn_KI270521v1	2323	2297	1634	1388	0	39.54
chrUn_GL000195v1	53469	55057	37349	37021	0	40.66
chrUn_GL000219v1	54530	53059	36108	35501	0	39.96
chrUn_GL000220v1	37230	46155	37697	40720	0	48.46
chrUn_GL000224v1	50248	51660	40355	37430	0	43.29
chrUn_KI270741v1	44853	44749	33246	32772	1812	42.42
chrUn_GL000226v1	4502	4649	3231	2626	0	39.03
chrUn_GL000213v1	48047	49015	33346	33831	0	40.9
chrUn_KI270743v1	60527	61350	43331	45450	0	42.14
chrUn_KI270744v1	50570	47014	35564	35324	0	42.08
chrUn_KI270745v1	10482	11545	9712	10152	0	47.42
chrUn_KI270746v1	22725	20315	11892	11554	0	35.26
chrUn_KI270747v1	57468	67199	37447	36621	0	37.27
chrUn_KI270748v1	24905	26223	20482	21711	0	45.21
chrUn_KI270749v1	51387	48521	29733	29118	0	37.07
chrUn_KI270750v1	41757	47033	30874	29186	0	40.35
chrUn_KI270751v1	46048	47240	28908	28546	0	38.11
chrUn_KI270752v1	7514	8769	6095	5367	0	41.31
chrUn_KI270753v1	19058	17019	13991	12876	0	42.68
chrUn_KI270754v1	9825	8431	10992	10943	0	54.58
chrUn_KI270755v1	10301	11016	7939	7467	0	41.95
chrUn_KI270756v1	16882	32047	5855	24740	66	38.47
chrUn_KI270757v1	19783	19260	12055	10753	9400	36.88
chrUn_GL000214v1	40645	39891	29698	27484	0	41.52
chrUn_KI270742v1	56939	57484	36375	35941	0	38.73
chrUn_GL000216v2	42227	60207	25879	48059	236	41.92
chrUn_GL000218v1	46030	48047	33774	33296	0	41.62
chrX	46754807	46916701	30697741	30523780	1147866	39.53
chrY	7886192	7956168	5286894	5285789	30812372	40.03
chrY_KI270740v1_random	8274	12978	8756	7232	0	42.93
total	898285419	900967885	626335137	623727342	159970322	40.99
